013 
010 
104 
111 
119 
032 
097 
114 
101 
032 

121 
111 
117 
032 
063 
063 
013 
010 
013 
010 

013 
010 
097 
115 
100 
097 
115 
100 
013 
010 

013 
010 
013 
010 
102 
013 
010 
111 
107 
032 

104 
097 
118 
101 
032 
097 
032 
103 
111 
111 

100 
032 
111 
110 
101 
013 
010 
097 
115 
100 

115 
100 
013 
010 
079 
083 
070 
013 
010 
100 

013 
010 
067 
032 
013 
010 
080 
114 
111 
103 

114 
097 
109 
105 
110 
103 
013 
010 
013 
010 

049 
049 
049 
049 
049 
049 
049 
049 
049 
049 

049 
049 
049 
050 
050 
050 
050 
050 
050 
050 

050 
050 
050 
050 
050 
013 
010 
013 
010 
115 

013 
010 
013 
010 
013 
010 
078 
111 
116 
101 

115 
058 
013 
010 
013 
010 
032 
032 
032 
032 

084 
104 
101 
032 
111 
112 
116 
105 
111 
110 

115 
032 
099 
097 
110 
032 
098 
101 
032 
105 

110 
032 
097 
110 
121 
032 
111 
114 
100 
101 

114 
032 
097 
110 
100 
032 
109 
105 
103 
104 

116 
032 
111 
114 
032 
109 
105 
103 
104 
116 

032 
110 
111 
116 
032 
098 
101 
032 
112 
114 

101 
115 
101 
110 
116 
046 
013 
010 
032 
032 

032 
032 
069 
097 
099 
104 
032 
111 
112 
116 

105 
111 
110 
032 
109 
117 
115 
116 
032 
104 

097 
118 
101 
032 
105 
116 
115 
032 
111 
119 

110 
032 
034 
045 
034 
032 
112 
114 
101 
099 

101 
100 
105 
110 
103 
032 
105 
116 
032 
040 

101 
046 
103 
046 
032 
105 
116 
032 
105 
115 

032 
110 
111 
116 
032 
112 
101 
114 
109 
105 

115 
115 
105 
098 
108 
101 
032 
116 
111 
032 

104 
097 
118 
101 
032 
045 
115 
119 
041 
046 

013 
010 
032 
032 
032 
032 
084 
104 
101 
114 

101 
032 
109 
105 
103 
104 
116 
032 
111 
114 

032 
109 
105 
103 
104 
116 
032 
110 
111 
116 

032 
098 
101 
032 
097 
032 
115 
112 
097 
099 

101 
032 
098 
101 
116 
119 
101 
101 
110 
032 

116 
104 
101 
032 
045 
119 
032 
097 
110 
100 

032 
116 
104 
101 
032 
115 
112 
101 
099 
105 

102 
105 
101 
100 
032 
119 
105 
100 
116 
104 

046 
013 
010 
032 
032 
032 
032 
065 
032 
039 

092 
110 
039 
032 
099 
104 
097 
114 
097 
099 

116 
101 
114 
032 
105 
115 
032 
097 
099 
116 

117 
097 
108 
108 
121 
032 
097 
032 
099 
097 

114 
114 
105 
097 
103 
101 
032 
114 
101 
116 

117 
114 
110 
032 
099 
104 
097 
114 
097 
099 

116 
101 
114 
032 
040 
065 
083 
067 
073 
073 

032 
118 
097 
108 
117 
101 
032 
048 
120 
048 

100 
041 
032 
102 
111 
108 
108 
111 
119 
101 

100 
032 
098 
121 
032 
097 
032 
108 
105 
110 

101 
032 
102 
101 
101 
100 
032 
099 
104 
097 

114 
097 
099 
116 
101 
114 
032 
040 
065 
083 

067 
073 
073 
032 
118 
097 
108 
117 
101 
032 

048 
120 
048 
097 
041 
046 
013 
010 
032 
032 

032 
032 
070 
105 
108 
101 
115 
032 
100 
111 

032 
110 
111 
116 
032 
110 
101 
099 
101 
115 

115 
097 
114 
105 
108 
121 
032 
101 
110 
100 

032 
119 
105 
116 
104 
032 
097 
032 
039 
092 

110 
039 
046 
013 
010 
032 
032 
032 
032 
032 

032 
032 
032 
084 
104 
101 
032 
114 
101 
097 

115 
111 
110 
032 
102 
111 
114 
032 
116 
104 

105 
115 
032 
105 
115 
032 
116 
104 
097 
116 

032 
115 
111 
109 
101 
032 
101 
100 
105 
116 

105 
110 
103 
032 
112 
114 
111 
103 
114 
097 

109 
115 
032 
112 
117 
116 
032 
116 
104 
101 

032 
039 
092 
110 
039 
032 
097 
116 
032 
116 

104 
101 
032 
101 
110 
100 
032 
097 
110 
100 

032 
115 
111 
109 
101 
032 
100 
111 
032 
110 

111 
116 
013 
010 
032 
032 
032 
032 
073 
102 

032 
119 
105 
100 
116 
104 
032 
105 
115 
032 

097 
110 
121 
116 
104 
105 
110 
103 
032 
111 

116 
104 
101 
114 
032 
116 
104 
097 
110 
032 

097 
032 
112 
111 
115 
105 
116 
105 
118 
101 

032 
105 
110 
116 
101 
103 
101 
114 
032 
108 

101 
115 
115 
032 
116 
104 
097 
110 
032 
054 

053 
053 
051 
053 
044 
032 
100 
105 
115 
112 

108 
097 
121 
032 
097 
032 
117 
115 
097 
103 

101 
032 
101 
114 
114 
111 
114 
032 
109 
101 

115 
115 
097 
103 
101 
046 
013 
010 
032 
032 

032 
032 
089 
111 
117 
032 
119 
105 
108 
108 

032 
108 
105 
107 
101 
108 
121 
032 
103 
101 

116 
032 
097 
032 
098 
101 
116 
116 
101 
114 

032 
109 
097 
114 
107 
032 
105 
102 
032 
121 

111 
117 
032 
117 
115 
101 
032 
066 
097 
098 

121 
032 
083 
116 
101 
112 
115 
032 
116 
111 

032 
100 
101 
115 
105 
103 
110 
032 
116 
104 

105 
115 
032 
112 
114 
111 
103 
114 
097 
109 

046 
013 
010 
032 
032 
032 
032 
084 
104 
105 

115 
032 
105 
115 
032 
078 
079 
084 
032 
097 

032 
103 
114 
111 
117 
112 
032 
112 
114 
111 

106 
101 
099 
116 
046 
032 
073 
116 
032 
109 

117 
115 
116 
032 
098 
101 
032 
100 
111 
110 

101 
032 
105 
110 
100 
105 
118 
105 
100 
117 

097 
108 
108 
121 
046 
013 
010 
013 
010 
069 

114 
114 
111 
114 
115 
058 
013 
010 
013 
010 

032 
032 
032 
032 
068 
105 
115 
112 
108 
097 

121 
115 
032 
097 
032 
034 
070 
105 
108 
101 

032 
110 
111 
116 
032 
111 
112 
101 
110 
097 

098 
108 
101 
034 
032 
101 
114 
114 
111 
114 

032 
109 
101 
115 
115 
097 
103 
101 
032 
097 

110 
100 
032 
116 
101 
114 
109 
105 
110 
097 

116 
101 
115 
032 
119 
105 
116 
104 
111 
117 

116 
032 
097 
110 
121 
032 
111 
116 
104 
101 

114 
032 
102 
117 
114 
116 
104 
101 
114 
032 

111 
117 
116 
112 
117 
116 
032 
105 
102 
032 

097 
110 
121 
032 
111 
102 
032 
116 
104 
101 

032 
102 
105 
108 
101 
115 
032 
099 
097 
110 

110 
111 
116 
032 
098 
101 
032 
111 
112 
101 

110 
101 
100 
046 
013 
010 
032 
032 
032 
032 

032 
032 
032 
032 
073 
102 
032 
116 
104 
105 

115 
032 
104 
097 
112 
112 
101 
110 
115 
032 

111 
110 
032 
097 
032 
115 
101 
099 
111 
110 

100 
032 
111 
114 
032 
115 
117 
098 
115 
101 

113 
117 
101 
110 
116 
032 
102 
105 
108 
101 

044 
032 
105 
116 
032 
105 
115 
032 
079 
075 

032 
116 
111 
032 
112 
114 
111 
099 
101 
115 

115 
032 
116 
104 
101 
032 
112 
114 
101 
118 

105 
111 
117 
115 
032 
102 
105 
108 
101 
115 

032 
116 
104 
097 
116 
032 
099 
097 
110 
032 

098 
101 
032 
111 
112 
101 
110 
101 
100 
046 

013 
010 
032 
032 
032 
032 
068 
105 
115 
112 

108 
097 
121 
115 
032 
097 
032 
034 
085 
115 

097 
103 
101 
058 
032 
119 
114 
097 
112 
102 

105 
108 
101 
032 
091 
045 
115 
093 
032 
091 

045 
119 
032 
119 
105 
100 
116 
104 
093 
032 

102 
105 
108 
101 
032 
046 
046 
046 
034 
032 

101 
114 
114 
111 
114 
032 
109 
101 
115 
115 

097 
103 
101 
032 
097 
110 
100 
032 
116 
101 

114 
109 
105 
110 
097 
116 
101 
115 
032 
105 

102 
032 
116 
104 
101 
032 
099 
111 
109 
109 

097 
110 
100 
032 
108 
105 
110 
101 
032 
111 

112 
116 
105 
111 
110 
115 
032 
097 
114 
101 

032 
105 
110 
099 
111 
114 
114 
101 
099 
116 

046 
013 
010 
032 
032 
032 
032 
032 
032 
032 

032 
089 
111 
117 
114 
032 
101 
114 
114 
111 

114 
032 
109 
101 
115 
115 
097 
103 
101 
032 

109 
117 
115 
116 
032 
108 
111 
111 
107 
032 

101 
120 
097 
099 
116 
108 
121 
032 
097 
115 

032 
115 
116 
097 
116 
101 
100 
032 
097 
098 

111 
118 
101 
046 
013 
010 
032 
032 
032 
032 

068 
105 
115 
112 
108 
097 
121 
115 
032 
097 

110 
032 
097 
112 
112 
114 
111 
112 
114 
105 

097 
116 
101 
032 
101 
114 
114 
111 
114 
032 

109 
101 
115 
115 
097 
103 
101 
032 
097 
110 

100 
032 
116 
101 
114 
109 
105 
110 
097 
116 

101 
115 
032 
119 
105 
116 
104 
111 
117 
116 

032 
097 
110 
121 
032 
111 
116 
104 
101 
114 

032 
102 
117 
114 
116 
104 
101 
114 
032 
111 

117 
116 
112 
117 
116 
032 
105 
102 
032 
116 

104 
101 
114 
101 
032 
105 
115 
032 
097 
032 

101 
114 
114 
111 
114 
032 
119 
105 
116 
104 

032 
114 
101 
097 
100 
105 
110 
103 
032 
111 

114 
032 
099 
108 
111 
115 
105 
110 
103 
032 

097 
110 
121 
032 
111 
102 
032 
116 
104 
101 

032 
102 
105 
108 
101 
115 
046 
013 
010 
013 

010 
069 
120 
105 
116 
032 
083 
116 
097 
116 

117 
115 
058 
013 
010 
048 
032 
009 
115 
117 

099 
099 
101 
115 
115 
102 
117 
108 
013 
010 

049 
032 
009 
099 
097 
110 
039 
116 
032 
111 

112 
101 
110 
032 
102 
105 
108 
101 
013 
010 

050 
032 
009 
099 
111 
109 
109 
097 
110 
100 

032 
108 
105 
110 
101 
032 
111 
112 
116 
105 

111 
110 
115 
032 
105 
110 
099 
111 
114 
114 

101 
099 
116 
013 
010 
051 
032 
009 
097 
110 

121 
032 
111 
116 
104 
101 
114 
032 
102 
097 

116 
097 
108 
032 
101 
114 
114 
111 
114 
115 

